50136	122.52	52.97
50137	122.37	53.47
50246	124.72	52.35
50247	123.57	52.03
50349	124.33	51.7
50353	126.65	51.72
50425	120.18	50.25
50431	121.52	50.78
50434	121.68	50.48
50442	124.12	50.4
50445	123.73	50.58
50468	127.45	50.25
50514	117.32	49.58
50524	119.43	49.32
50525	119.75	49.15
50526	120.7	49.28
50527	119.75	49.22
50548	123.72	49.2
50557	125.23	49.17
50564	127.35	49.43
50566	128.47	49.55
50603	116.82	48.67
50618	118.27	48.22
50632	121.92	48.77
50639	122.73	48.0
50645	124.48	48.48
50646	124.85	48.48
50647	123.48	48.13
50655	126.18	48.5
50656	126.52	48.28
50658	125.88	48.05
50659	126.25	48.03
50673	130.4	48.88
50674	129.43	48.57
50727	119.93	47.17
50739	123.18	47.33
50741	123.5	47.93
50742	124.48	47.8
50745	123.92	47.38
50749	124.83	47.18
50750	125.3	47.9
50755	126.1	47.6
50756	126.97	47.45
50758	125.9	47.18
50767	127.1	47.23
50772	129.23	48.1
50774	128.92	47.73
50775	130.27	47.33
50776	130.83	47.57
50778	132.53	47.67
50779	134.28	48.37
50787	131.85	47.28
50788	131.98	47.23
50832	122.08	46.72
50833	122.9	46.72
50834	121.22	46.6
50838	122.05	46.08
50842	124.42	46.83
50844	123.45	46.4
50850	125.13	46.57
50851	126.08	46.68
50852	126.45	46.83
50853	126.97	46.62
50854	125.32	46.38
50858	125.93	46.07
50859	126.27	46.25
50861	127.48	46.88
50862	128.02	46.98
50867	127.35	46.08
50871	129.88	46.73
50873	130.3	46.78
50877	129.58	46.3
50878	130.72	47.0
50879	130.55	46.22
50880	131.12	46.73
50881	131.78	46.78
50884	131.15	46.63
50888	132.18	46.32
50892	134.0	46.8
50913	118.83	45.72
50915	116.97	45.52
50924	119.67	45.53
50928	120.33	45.07
50934	121.58	45.38
50936	122.83	45.63
50937	121.47	45.05
50939	122.82	45.33
50940	123.17	45.85
50945	124.27	45.5
50946	124.83	45.18
50948	124.02	45.0
50949	124.87	45.08
50950	125.25	45.7
50953	126.77	45.75
50954	125.08	45.5
50955	126.3	45.38
50956	126.57	45.93
50958	126.95	45.52
50960	127.45	45.78
50962	128.03	45.95
50963	128.73	45.97
50964	128.8	45.83
50965	128.28	45.45
50968	127.97	45.22
50971	131.02	45.77
50973	130.6	45.75
50978	130.93	45.3
50979	130.23	45.27
50983	132.97	45.77
50985	131.87	45.55
50987	131.13	45.25
51053	86.4	48.05
51058	87.97	47.1
51059	85.87	47.43
51060	86.87	47.7
51068	87.47	47.12
51076	88.08	47.73
51087	89.52	46.98
51133	83.0	46.73
51137	82.93	46.2
51145	83.65	46.55
51156	85.72	46.78
51159	85.68	46.08
51186	90.38	46.67
51232	82.57	45.18
51238	82.07	44.9
51241	83.6	45.93
51243	84.85	45.62
51246	84.97	45.47
51288	90.53	45.37
51328	80.42	44.2
51329	80.85	44.05
51330	81.02	44.97
51334	82.9	44.6
51346	84.67	44.43
51352	85.25	44.85
51353	86.1	45.02
51356	86.05	44.32
51357	85.62	44.33
51358	85.82	44.28
51359	86.2	44.32
51365	87.53	44.2
51367	86.82	44.13
51368	87.32	44.12
51369	87.65	43.97
51377	87.92	44.17
51378	89.17	44.02
51379	89.57	44.02
51430	81.15	43.83
51431	81.33	43.95
51433	82.52	43.8
51434	81.53	43.97
51435	82.23	43.47
51436	83.3	43.45
51437	81.13	43.15
51438	81.77	43.18
51462	87.55	43.85
51463	87.65	43.78
51465	87.1	43.48
51466	87.88	43.45
51467	86.3	42.73
51468	86.83	43.1
51469	87.18	43.45
51470	88.12	43.88
51477	88.32	43.35
51482	90.28	43.83
51495	91.73	43.22
51526	88.22	42.23
51542	84.15	43.03
51559	86.4	42.32
51567	86.57	42.08
51568	86.8	42.25
51571	88.63	42.8
51572	89.25	42.83
51573	89.2	42.93
51581	90.23	42.85
51627	79.23	41.22
51628	80.23	41.17
51629	80.23	41.27
51633	81.9	41.78
51636	82.62	41.53
51639	82.78	41.23
51642	84.25	41.78
51644	82.97	41.72
51655	86.27	41.35
51656	86.13	41.75
51661	86.2	41.77
51663	86.73	41.9
51701	75.4	40.52
51704	76.17	39.72
51705	75.25	39.72
51707	76.73	39.5
51708	75.95	39.15
51709	75.98	39.47
51711	78.45	40.93
51716	78.57	39.8
51717	76.78	39.25
51720	79.05	40.5
51722	80.4	40.65
51730	81.27	40.55
51747	83.67	39.0
51765	87.7	40.63
51777	88.17	39.03
51802	76.17	38.93
51804	75.23	37.77
51810	77.63	38.92
51811	77.27	38.43
51814	77.4	37.92
51815	77.27	38.2
51818	78.28	37.62
51826	80.8	37.02
51827	79.72	37.28
51828	79.93	37.13
51829	80.17	37.08
51839	82.72	37.07
51855	85.55	38.15
51886	90.85	38.25
51931	81.65	36.85
52101	93.05	43.6
52112	95.13	43.77
52118	94.7	43.27
52203	93.52	42.82
52267	101.07	41.95
52313	94.67	41.53
52323	97.03	41.8
52378	102.37	41.37
52418	94.68	40.15
52424	95.78	40.53
52436	97.03	40.27
52446	99.52	40.3
52447	98.88	40.0
52495	104.8	40.17
52515	94.87	39.52
52532	98.28	39.75
52533	98.48	39.77
52546	99.83	39.37
52557	100.17	39.15
52575	102.78	39.42
52576	101.68	39.22
52602	93.33	38.75
52607	106.65	39.43
52633	98.42	38.82
52643	99.62	38.83
52645	99.58	38.42
52652	100.43	38.93
52656	100.82	38.43
52657	100.25	38.18
52661	101.08	38.8
52674	101.97	38.23
52675	102.2	38.53
52679	102.67	37.92
52681	103.08	38.63
52707	93.68	36.8
52713	95.35	37.85
52737	97.38	37.37
52745	99.02	37.3
52754	100.13	37.33
52765	101.62	37.38
52784	102.9	37.47
52787	102.87	37.2
52797	104.05	37.18
52818	94.92	36.42
52825	96.43	36.43
52833	98.48	36.93
52836	98.1	36.3
52842	99.08	36.78
52853	100.98	36.9
52854	100.48	36.58
52855	101.25	36.68
52856	100.62	36.27
52859	100.9	36.29
52862	101.68	36.95
52863	101.95	36.82
52866	101.75	36.73
52868	101.43	36.03
52869	101.58	36.5
52874	102.4	36.48
52875	102.1	36.5
52876	102.83	36.33
52877	102.25	36.1
52881	103.18	36.98
52884	103.95	36.35
52885	103.25	36.75
52889	103.88	36.05
52895	104.68	36.57
52896	104.15	36.55
52908	93.08	35.22
52941	100.27	36.27
52943	99.98	35.58
52955	100.73	35.58
52957	100.6	35.25
52963	102.02	35.93
52968	101.47	35.03
52972	102.47	35.85
52974	102.02	35.52
52978	102.52	35.2
52980	103.3	35.97
52981	103.38	35.67
52982	103.55	35.48
52983	104.15	35.87
52984	103.18	35.58
52985	103.33	35.42
52986	103.87	35.37
52988	103.72	35.37
52993	105.07	35.68
52995	104.62	35.58
52996	105.02	35.38
52998	104.2	35.13
53068	111.97	43.65
53083	114.15	44.62
53149	110.13	42.53
53192	114.95	44.02
53195	113.63	43.85
53231	106.4	41.4
53272	112.63	42.75
53276	112.9	42.4
53289	113.83	42.23
53324	107.05	41.07
53336	108.52	41.57
53337	108.27	41.1
53343	109.97	41.77
53348	109.13	41.02
53352	110.43	41.7
53357	110.05	41.03
53362	111.68	41.53
53367	111.23	41.32
53368	111.47	41.08
53378	112.62	41.28
53384	113.18	41.45
53385	113.55	41.57
53391	114.0	41.9
53392	114.6	41.85
53397	113.98	41.1
53399	114.7	41.15
53419	107.0	40.33
53420	107.12	40.85
53433	108.65	40.73
53446	109.85	40.67
53455	110.53	40.55
53457	110.03	40.4
53463	111.68	40.82
53464	111.17	40.72
53466	111.7	40.75
53467	111.18	40.27
53469	111.82	40.4
53472	112.57	40.87
53475	112.47	40.52
53478	112.45	40.0
53480	113.07	41.03
53481	113.22	40.8
53483	113.83	40.87
53484	113.15	40.45
53486	113.77	40.37
53487	113.33	40.1
53488	113.58	40.03
53490	114.05	40.43
53491	114.38	40.67
53492	114.15	40.1
53498	115.03	40.57
53499	114.73	40.77
53502	105.75	39.78
53505	105.4	37.88
53512	106.8	39.8
53513	107.37	40.73
53517	106.33	39.27
53518	106.35	39.03
53519	106.77	39.22
53522	107.83	40.05
53529	107.98	39.1
53533	108.73	39.85
53543	109.98	39.83
53545	109.73	39.57
53547	109.03	39.1
53553	111.22	39.87
53562	111.67	39.92
53564	111.15	39.38
53565	111.5	39.43
53567	111.08	39.03
53573	112.7	40.0
53574	112.27	39.52
53575	112.2	39.1
53576	112.82	39.5
53577	112.3	39.0
53578	112.43	39.37
53579	112.9	39.02
53580	113.1	39.82
53582	113.68	39.72
53584	113.17	39.57
53585	113.27	39.17
53588	113.52	38.95
53590	114.27	39.75
53593	114.57	39.83
53594	114.18	39.45
53595	113.78	38.72
53596	115.13	38.85
53599	114.68	39.37
53602	105.67	38.83
53603	106.37	38.83
53610	106.35	38.57
53611	106.55	38.88
53612	106.18	37.98
53614	106.2	38.47
53615	106.7	38.8
53617	106.08	38.03
53618	106.25	38.28
53619	106.3	38.12
53644	108.83	38.6
53646	109.78	38.27
53651	110.43	38.82
53658	110.48	38.03
53659	111.0	37.97
53660	111.08	39.02
53662	111.58	38.72
53663	111.82	38.92
53664	111.13	38.47
53665	111.65	38.28
53666	111.93	38.35
53669	111.8	38.08
53673	112.72	38.73
53674	112.7	38.42
53676	112.98	38.5
53677	112.48	37.93
53678	112.67	38.07
53679	112.55	37.73
53680	114.38	38.3
53681	113.37	38.83
53682	114.68	38.63
53685	113.42	38.07
53687	113.63	37.78
53688	114.55	38.45
53689	115.07	38.02
53690	114.18	38.85
53691	114.57	38.15
53692	114.98	38.73
53693	114.13	38.03
53694	114.22	38.27
53695	114.68	38.35
53696	115.0	38.52
53697	114.83	38.03
53698	114.42	38.03
53699	114.95	38.18
53704	105.18	37.53
53705	105.68	37.48
53707	105.25	36.93
53723	107.38	37.8
53725	107.58	37.58
53727	107.12	37.17
53730	107.48	38.18
53732	108.72	37.85
53735	108.8	37.62
53738	108.17	36.92
53740	109.23	37.93
53748	109.7	37.18
53750	110.18	37.77
53751	110.05	37.6
53753	110.88	37.43
53754	110.22	37.5
53756	110.72	37.52
53757	110.12	37.12
53759	110.83	36.98
53760	111.23	37.88
53763	112.17	37.92
53764	111.1	37.5
53767	111.17	37.33
53768	111.75	37.15
53769	111.78	37.25
53770	112.35	37.35
53771	112.05	37.42
53772	112.55	37.78
53773	114.62	36.33
53774	112.33	37.62
53775	112.53	37.43
53776	112.77	37.68
53777	112.15	37.53
53778	112.22	37.17
53780	113.15	37.9
53781	114.47	36.87
53782	113.55	37.85
53783	113.7	37.6
53784	114.78	37.75
53785	114.67	37.52
53786	113.37	37.08
53787	112.98	37.07
53788	113.57	37.33
53789	114.63	37.88
53790	114.62	37.6
53791	114.52	37.77
53792	114.48	37.45
53794	114.75	37.35
53795	114.37	37.65
53796	114.88	37.62
53797	114.52	37.28
53798	114.5	37.07
53799	114.98	37.23
53806	105.65	36.57
53810	105.9	36.97
53817	106.27	36.0
53821	107.3	36.57
53829	107.9	35.98
53832	108.77	36.77
53841	109.32	36.88
53845	109.5	36.6
53848	109.35	36.27
53850	110.18	36.88
53852	110.63	36.77
53853	110.95	36.7
53854	110.07	36.58
53856	110.75	36.47
53857	110.18	36.07
53859	110.67	36.1
53860	111.17	36.98
53861	111.42	35.88
53862	111.8	36.85
53863	111.92	37.03
53864	111.1	36.4
53865	111.55	36.65
53866	111.67	36.23
53868	111.5	36.07
53869	111.7	36.58
53871	112.85	36.83
53872	112.68	36.77
53873	112.87	36.12
53874	111.9	36.25
53875	112.35	36.52
53877	112.25	36.17
53878	113.38	36.52
53879	112.88	36.32
53880	113.23	36.33
53881	106.48	37.28
53882	113.07	36.05
53883	114.7	37.13
53884	113.03	36.52
53885	113.2	36.13
53886	113.67	36.57
53888	113.43	36.2
53889	113.82	36.07
53890	114.15	36.68
53891	114.68	37.02
53892	114.47	36.62
53893	114.95	36.77
53894	114.22	36.42
53895	114.5	36.78
53896	114.95	36.35
53897	114.38	36.38
53898	114.4	36.05
53899	114.97	36.48
53903	105.72	35.97
53906	105.72	35.52
53908	105.23	35.22
53910	106.2	35.67
53913	106.62	35.85
53914	106.12	35.62
53915	106.67	35.55
53916	106.32	35.5
53917	106.07	35.22
53923	107.63	35.73
53924	107.62	35.07
53925	107.18	35.68
53926	107.35	35.35
53927	106.62	35.2
53928	107.02	35.3
53929	107.8	35.2
53930	107.98	36.45
53931	109.37	36.0
53934	108.02	35.82
53935	108.35	35.48
53937	107.92	35.52
53938	108.3	35.17
53941	109.58	35.18
53942	109.5	35.82
53944	109.25	35.57
53945	109.07	35.43
53946	109.82	35.6
53947	109.07	35.08
53948	109.58	34.95
53949	109.92	35.18
53950	110.15	35.23
53953	110.85	35.97
53954	110.97	35.62
53955	110.45	35.47
53956	110.83	35.4
53957	110.72	35.62
53958	110.78	35.13
53959	111.05	35.05
53961	111.48	35.65
53962	111.7	35.73
53963	111.37	35.65
53964	111.22	35.62
53965	111.57	35.52
53966	111.83	35.98
53967	111.2	35.33
53968	111.67	35.28
53970	112.2	35.7
53972	112.92	35.12
53973	112.95	35.77
53974	114.18	35.62
53975	112.4	35.48
53976	112.87	35.5
53978	112.63	35.08
53979	113.08	35.15
53980	114.8	36.55
53981	113.27	35.78
53982	113.27	35.23
53983	114.42	35.03
53984	113.47	35.23
53985	113.82	35.45
53986	113.88	35.32
53987	113.42	35.1
53988	113.67	35.27
53989	113.95	35.05
53990	114.32	35.72
53991	114.35	35.93
53992	114.52	35.65
53993	114.92	35.93
53994	114.07	35.38
53995	114.5	35.55
53996	114.65	36.45
53997	114.18	35.15
53998	114.65	35.2
54012	117.6	44.58
54024	119.3	44.45
54026	120.9	44.57
54027	119.4	43.98
54031	121.82	44.9
54039	122.02	44.03
54041	123.07	44.8
54047	123.28	44.13
54049	123.97	44.25
54063	126.0	44.97
54064	125.15	44.38
54065	125.65	44.53
54069	125.8	44.17
54072	126.52	44.85
54076	126.93	44.42
54080	127.15	44.9
54084	127.6	44.73
54092	129.4	44.6
54093	130.55	44.93
54094	129.6	44.57
54096	131.17	44.38
54098	129.47	44.33
54099	131.13	44.08
54102	116.12	43.95
54113	118.65	43.53
54115	118.07	43.6
54117	117.53	43.25
54122	120.05	43.88
54132	121.07	42.4
54134	121.28	43.6
54135	122.27	43.6
54142	123.53	43.5
54154	124.3	43.35
54155	124.23	43.67
54156	124.8	43.52
54157	124.33	43.17
54161	125.22	43.9
54164	125.28	43.35
54165	125.63	43.55
54169	126.02	43.3
54171	126.52	43.7
54172	126.6	43.78
54175	126.62	43.42
54181	127.33	43.7
54186	128.2	43.37
54187	128.92	43.12
54192	130.27	43.7
54195	129.78	43.3
54204	115.0	42.3
54205	116.0	42.23
54208	116.47	42.18
54213	119.02	42.93
54214	118.42	42.58
54218	118.93	42.27
54223	120.65	42.85
54225	119.92	42.28
54226	120.7	42.33
54231	122.35	42.97
54234	121.75	42.73
54236	122.55	42.38
54237	121.75	42.07
54243	124.12	42.78
54244	123.33	42.75
54245	123.4	42.5
54248	123.53	42.03
54249	123.87	42.3
54252	124.75	42.73
54254	124.05	42.53
54259	124.92	42.1
54260	125.08	42.92
54261	125.52	42.68
54263	126.05	42.97
54266	125.63	42.53
54267	125.73	42.25
54273	126.75	42.98
54274	126.07	42.68
54276	126.82	42.35
54279	126.58	42.05
54284	127.5	42.15
54285	128.12	42.42
54286	129.0	42.53
54287	128.08	42.02
54290	129.4	42.77
54291	130.28	42.9
54292	129.5	42.87
54293	129.83	42.95
54301	115.67	41.67
54304	115.28	40.97
54305	115.27	41.88
54308	116.63	41.2
54311	117.77	41.97
54313	118.7	41.93
54316	118.75	41.52
54318	117.73	41.32
54319	118.67	41.0
54320	119.3	41.6
54321	119.63	41.87
54323	120.78	41.82
54324	120.43	41.55
54325	120.35	41.18
54326	119.7	41.38
54327	119.35	41.23
54328	119.72	41.08
54330	121.37	41.17
54331	121.77	41.58
54332	122.72	41.52
54333	122.85	41.97
54334	121.23	41.52
54335	122.08	41.68
54336	122.42	41.42
54337	121.12	41.13
54338	121.95	41.28
54339	123.0	41.08
54340	123.32	41.67
54342	123.52	41.73
54345	123.07	41.2
54346	123.78	41.32
54347	123.17	41.23
54348	123.33	41.42
54349	124.12	41.3
54351	124.08	41.92
54353	125.05	41.73
54362	125.73	41.67
54363	125.9	41.68
54365	125.35	41.28
54371	126.43	41.93
54374	126.88	41.8
54377	126.15	41.1
54386	128.18	41.42
54398	116.62	40.13
54399	116.28	39.98
54401	114.88	40.78
54404	115.83	40.88
54405	115.5	40.42
54406	115.97	40.45
54408	115.22	40.38
54410	116.13	40.6
54412	116.63	40.73
54416	116.87	40.38
54418	117.58	38.55
54419	116.63	40.37
54420	117.33	40.93
54421	117.12	40.65
54423	117.95	40.98
54424	117.12	40.17
54425	117.47	40.4
54428	117.4	40.03
54429	117.95	40.2
54430	118.15	40.77
54431	116.63	39.92
54432	118.48	40.6
54433	116.5	39.95
54434	118.3	40.17
54436	118.95	40.42
54437	118.65	39.5
54438	118.88	39.88
54439	118.72	40.02
54449	119.52	39.85
54452	119.82	40.8
54453	120.88	40.78
54454	120.3	40.33
54455	120.7	40.58
54458	120.45	40.21
54470	122.07	41.02
54471	122.17	40.65
54472	122.72	40.88
54474	122.35	40.42
54475	122.48	40.62
54476	122.15	40.17
54478	122.2	40.42
54483	123.9	40.88
54486	123.28	40.28
54493	124.78	40.72
54494	124.07	40.47
54497	124.33	40.05
54499	116.22	40.22
54501	115.68	39.97
54502	116.03	39.48
54503	115.82	39.07
54505	116.12	39.92
54506	115.95	39.32
54507	115.5	39.35
54510	116.98	39.9
54511	116.47	39.8
54512	116.28	39.42
54513	116.2	39.95
54514	116.25	39.87
54515	116.7	39.5
54517	117.2	39.07
54518	116.38	39.12
54519	116.48	39.3
54520	117.08	39.97
54521	116.98	39.77
54522	117.73	39.88
54523	117.02	39.38
54525	117.28	39.73
54526	117.33	39.08
54527	117.05	39.08
54528	117.13	39.23
54529	117.82	39.35
54530	117.77	39.23
54531	118.72	39.73
54532	118.1	39.8
54533	118.1	39.58
54534	118.1	39.65
54535	118.47	39.28
54537	118.48	38.97
54538	118.75	39.18
54539	118.88	39.43
54540	119.17	39.72
54541	119.23	39.9
54544	119.27	39.57
54563	122.02	39.63
54568	121.7	39.08
54569	121.97	39.4
54575	122.37	39.42
54576	122.97	39.53
54579	122.58	39.27
54584	122.95	39.72
54590	124.17	39.88
54594	116.35	39.72
54596	116.13	39.68
54597	115.73	39.73
54601	115.65	38.98
54602	115.52	38.85
54603	115.77	38.72
54604	115.33	38.42
54605	115.93	38.93
54606	115.73	38.23
54607	115.12	38.72
54608	115.55	38.0
54609	115.5	38.25
54610	116.1	38.73
54611	115.32	38.93
54612	116.45	38.87
54613	116.62	38.7
54614	116.08	38.45
54615	116.83	38.58
54616	116.85	38.35
54617	116.12	38.18
54618	116.55	38.08
54619	116.92	38.92
54620	115.57	38.48
54621	115.18	38.18
54622	117.37	38.98
54623	117.72	39.05
54624	117.35	38.37
54626	115.82	38.42
54627	117.23	38.03
54628	117.48	38.15
54629	117.83	38.13
54631	115.15	37.07
54632	115.03	37.07
54633	115.23	37.52
54636	116.1	39.02
54640	114.87	36.92
54644	117.12	38.05
54645	117.47	38.85
54647	118.88	39.17
54655	120.89	38.39
54657	120.93	38.38
54658	120.75	38.18
54659	120.93	38.03
54660	121.23	38.82
54662	121.63	38.9
54664	121.15	38.74
54700	115.93	38.03
54701	115.2	37.93
54702	115.7	37.73
54703	115.88	37.8
54704	115.57	37.55
54705	115.38	37.37
54706	115.67	37.08
54707	115.98	37.35
54708	115.73	37.5
54709	116.07	37.22
54710	116.17	37.87
54711	116.28	37.7
54712	116.82	37.2
54713	116.53	37.88
54714	116.33	37.45
54715	116.57	37.32
54716	116.8	37.67
54717	116.4	37.63
54718	116.43	37.15
54719	116.68	38.03
54720	117.7	38.45
54722	117.63	37.75
54723	117.57	37.65
54724	117.13	37.32
54725	117.53	37.5
54726	117.18	37.7
54727	117.55	36.68
54728	117.38	37.77
54729	117.87	37.17
54730	118.13	37.7
54731	118.22	37.48
54732	118.52	37.87
54734	118.0	37.35
54736	118.67	37.43
54737	118.15	37.15
54738	118.4	37.05
54744	118.55	37.58
54749	119.95	37.18
54750	120.2	37.7
54751	120.73	37.93
54752	120.77	37.8
54753	120.33	37.63
54754	120.7	37.9
54755	120.38	37.37
54756	120.73	37.92
54759	120.83	37.3
54761	121.43	37.6
54764	121.25	37.5
54765	121.43	37.48
54766	121.62	37.38
54773	122.59	37.4
54774	122.13	37.47
54776	122.7	37.4
54777	122.07	37.2
54778	122.48	37.17
54800	115.25	36.98
54801	115.48	36.85
54802	115.73	36.82
54803	116.02	36.98
54804	115.13	36.3
54805	115.45	36.48
54806	115.97	36.42
54807	115.8	36.13
54808	115.63	36.23
54809	115.28	36.55
54810	116.27	36.87
54811	116.62	36.93
54812	116.75	36.78
54814	116.23	36.58
54815	116.27	36.38
54816	116.8	36.52
54817	115.87	35.98
54818	116.42	36.25
54819	116.8	36.18
54820	115.17	36.82
54821	117.2	37.0
54822	117.73	36.87
54823	117.0	36.6
54824	117.95	36.63
54825	117.85	36.52
54826	117.1	36.25
54827	117.15	36.17
54828	117.68	36.23
54829	117.87	36.77
54830	117.93	36.82
54831	118.5	36.65
54832	118.73	36.88
54833	118.08	36.97
54834	118.28	36.87
54835	118.55	36.5
54836	118.17	36.18
54837	118.83	36.68
54841	119.4	36.87
54842	119.95	36.77
54843	119.2	36.75
54844	119.18	36.42
54846	119.75	36.38
54848	119.42	35.98
54849	120.0	36.27
54851	120.57	36.9
54852	120.73	36.97
54853	120.42	36.17
54855	120.47	36.38
54857	120.33	36.07
54861	121.53	36.93
54863	121.18	36.78
54871	122.48	36.93
54900	115.02	35.7
54901	115.17	36.08
54902	115.12	35.9
54903	115.48	35.85
54904	115.52	35.58
54905	115.93	35.58
54906	115.42	35.25
54907	116.65	34.98
54908	115.1	35.27
54909	115.55	35.08
54910	116.05	35.82
54911	116.45	35.93
54912	116.48	35.7
54913	116.82	35.75
54914	116.08	35.42
54915	116.6	35.43
54916	116.85	35.57
54917	116.32	35.1
54918	116.97	35.6
54919	116.98	35.42
54920	117.28	35.65
54921	116.33	35.42
54922	117.78	35.88
54923	117.93	35.72
54925	117.63	35.52
54927	117.2	35.1
54929	117.97	35.27
54932	118.65	35.77
54935	118.43	35.53
54936	118.83	35.57
54938	118.4	35.05
54939	118.82	35.17
54940	119.2	35.75
54943	120.0	35.88
54945	119.53	35.43
55125	79.73	33.38
55228	80.08	32.5
55234	81.14	32.39
55248	84.42	32.15
55279	90.02	31.38
55294	91.1	32.35
55298	92.31	32.12
55299	92.07	31.48
55325	79.8	31.48
55357	85.16	31.02
55361	87.23	31.75
55364	86.75	31.34
55375	89.01	31.4
55437	81.25	30.28
55472	88.63	30.95
55482	90.17	30.91
55493	91.1	30.48
55542	84.03	29.76
55554	85.23	29.34
55568	87.22	29.29
55569	87.6	29.08
55572	89.1	29.68
55574	88.26	29.43
55578	88.88	29.25
55579	89.26	29.11
55585	90.17	29.43
55586	90.74	29.35
55587	89.85	29.23
55589	90.98	29.3
55590	91.26	29.89
55591	91.13	29.67
55593	91.73	29.85
55594	91.0	29.64
55595	91.34	29.67
55597	91.68	29.03
55598	91.77	29.25
55599	92.02	29.26
55650	85.3	28.85
55652	85.99	27.99
55655	85.97	28.18
55656	86.49	28.12
55664	87.08	28.63
55666	87.76	28.36
55670	88.0	28.9
55675	88.92	27.49
55676	89.68	28.56
55677	88.51	28.27
55680	89.6	28.92
55681	90.4	28.97
55686	90.84	28.39
55690	91.95	27.98
55691	91.35	29.26
55693	92.2	29.06
55694	91.43	28.44
55696	92.47	28.42
55773	89.08	27.73
56004	92.43	34.22
56016	95.62	33.85
56018	95.28	32.88
56021	95.8	34.12
56029	97.0	33.0
56033	98.22	34.92
56034	97.13	33.8
56038	98.1	32.98
56043	100.23	34.48
56045	99.9	33.97
56046	99.65	33.75
56065	101.6	34.73
56067	101.48	33.43
56071	102.5	34.58
56074	102.08	34.0
56079	102.97	33.58
56080	102.9	35.0
56081	103.35	34.7
56082	103.5	34.58
56084	103.23	34.07
56091	104.47	34.85
56092	104.65	35.0
56093	104.02	34.43
56094	104.37	33.78
56095	104.38	34.03
56096	104.92	33.4
56097	104.23	33.27
56106	93.78	31.88
56109	93.78	31.48
56114	94.03	31.93
56116	95.6	31.42
56125	96.47	32.2
56128	96.6	31.22
56136	98.23	31.51
56137	97.17	31.15
56144	98.58	31.8
56146	100.0	31.62
56147	98.83	31.22
56151	100.75	32.93
56152	100.33	32.28
56158	100.67	31.4
56164	100.98	32.27
56167	101.12	30.98
56168	102.07	31.48
56171	101.7	32.9
56172	102.23	31.9
56173	102.55	32.8
56178	102.35	31.0
56180	103.85	31.68
56181	103.7	30.68
56182	103.57	32.65
56183	103.58	31.47
56184	103.17	31.43
56185	102.98	32.08
56186	104.2	31.33
56187	103.87	30.75
56188	103.67	31.0
56189	103.93	30.98
56190	104.55	31.55
56192	104.67	32.95
56193	104.52	32.42
56194	104.45	31.82
56195	104.73	31.78
56196	104.73	31.45
56197	104.18	31.13
56198	104.5	31.32
56199	104.68	31.03
56202	93.28	30.67
56211	94.71	30.93
56223	95.83	30.75
56227	95.77	29.87
56228	96.92	30.05
56235	97.57	30.66
56247	99.1	30.0
56251	100.32	30.93
56257	100.27	30.0
56263	101.88	30.88
56267	101.02	30.03
56272	103.88	30.82
56273	102.82	30.38
56276	103.82	30.45
56278	102.77	30.07
56279	102.93	30.15
56280	103.12	30.08
56281	103.5	30.18
56284	103.48	30.42
56285	103.52	30.6
56286	104.25	30.55
56287	103.0	29.98
56288	103.92	30.58
56289	103.87	30.2
56290	104.18	30.78
56291	104.28	30.97
56295	104.55	30.38
56296	104.43	30.85
56297	104.15	30.02
56298	104.6	30.13
56301	93.25	29.89
56307	92.58	29.15
56308	93.08	29.05
56312	94.33	29.67
56317	94.22	29.22
56319	95.33	29.34
56331	97.83	29.67
56342	98.6	29.68
56357	100.3	29.05
56371	102.23	29.92
56373	102.85	29.78
56374	101.97	30.05
56376	102.63	29.35
56378	102.35	29.23
56380	103.37	29.92
56381	103.52	30.02
56382	103.6	29.73
56383	103.87	29.83
56384	103.48	29.6
56385	103.33	29.52
56386	103.75	29.57
56387	103.27	29.23
56388	103.8	29.42
56389	103.95	29.2
56390	104.07	29.67
56391	103.82	30.08
56393	104.85	29.77
56394	104.43	29.45
56395	104.67	29.52
56396	104.77	29.35
56399	104.98	29.18
56434	97.47	28.65
56441	99.28	28.72
56443	99.8	28.93
56444	98.92	28.48
56449	99.73	28.02
56459	101.27	27.93
56462	101.5	29.0
56473	102.77	28.95
56474	102.17	28.55
56475	102.52	28.65
56478	102.43	28.3
56479	102.85	28.0
56480	103.53	28.82
56483	103.95	28.6
56485	103.58	28.27
56487	103.13	28.33
56489	103.63	28.23
56490	103.9	28.95
56491	104.57	28.7
56492	104.6	28.8
56493	104.97	28.85
56494	104.15	28.65
56496	105.23	28.32
56497	104.23	28.1
56498	104.5	28.17
56499	104.78	28.38
56533	98.67	27.75
56543	99.7	27.83
56548	99.28	27.17
56565	101.52	27.43
56567	100.85	27.3
56569	102.18	27.42
56571	102.27	27.9
56575	102.55	27.37
56578	102.75	27.07
56580	102.8	27.72
56582	103.9	27.75
56584	103.25	27.7
56585	103.53	27.18
56586	103.72	27.35
56592	104.52	28.43
56593	104.92	28.58
56594	104.05	27.63
56595	104.87	27.42
56596	105.05	27.85
56598	104.73	27.13
56641	98.87	26.9
56643	98.85	25.87
56645	99.42	26.42
56646	99.92	26.53
56649	99.97	26.1
56651	100.22	26.85
56652	100.75	26.68
56654	100.18	26.58
56664	101.27	26.63
56665	101.85	26.68
56666	101.72	26.58
56669	101.67	26.05
56670	102.12	26.9
56671	102.25	26.65
56673	102.92	26.92
56674	101.73	26.5
56675	102.58	26.65
56684	103.28	26.42
56688	103.17	26.1
56691	104.28	26.87
56693	104.87	26.58
56697	104.08	26.22
56739	98.5	25.02
56742	99.37	25.9
56745	99.95	25.68
56746	99.52	25.47
56748	99.18	25.12
56751	100.18	25.7
56752	100.57	25.83
56755	100.48	25.35
56756	100.58	25.48
56757	100.28	25.27
56761	101.32	25.72
56763	101.87	25.73
56764	101.23	25.53
56766	101.52	25.33
56767	101.28	25.18
56768	101.55	25.03
56772	102.5	25.23
56774	102.42	25.53
56775	102.45	25.55
56777	102.07	25.15
56778	102.65	25.0
56781	103.27	25.55
56782	103.55	25.42
56783	103.8	25.5
56785	103.03	25.33
56786	103.83	25.58
56788	103.67	25.03
56790	104.25	25.68
56792	104.97	25.78
56793	104.47	25.72
56835	97.82	24.07
56836	97.95	24.7
56838	97.85	24.0
56839	98.82	23.77
56840	98.3	24.82
56841	98.68	24.6
56842	99.18	24.73
56843	99.62	24.83
56844	98.58	24.43
56846	99.93	24.58
56849	99.23	24.03
56851	100.52	25.03
56854	100.13	24.45
56856	100.87	24.47
56862	101.6	24.68
56863	102.48	24.93
56867	101.12	23.98
56869	101.97	24.07
56870	102.17	24.67
56871	102.6	24.65
56872	102.62	24.95
56873	102.9	24.67
56875	102.55	24.33
56876	102.77	24.28
56878	102.75	24.13
56879	102.92	24.2
56880	103.17	24.92
56881	103.27	24.75
56882	102.8	24.88
56883	103.98	24.83
56885	103.45	24.4
56886	103.77	24.53
56889	104.17	24.05
56891	104.32	24.98
56898	102.4	24.18
56944	99.27	23.15
56946	99.4	23.55
56948	99.6	22.63
56949	99.6	22.32
56950	99.8	23.47
56951	100.08	23.88
56952	100.7	23.5
56954	99.93	22.57
56958	100.42	21.92
56959	100.78	22.0
56961	101.05	23.03
56962	101.67	23.42
56964	100.97	22.78
56966	101.98	23.6
56969	101.57	21.48
56970	102.48	23.7
56973	102.83	23.62
56975	102.43	23.37
56976	102.83	23.23
56977	101.85	22.58
56978	102.42	23.0
56982	103.25	23.7
56984	103.15	23.38
56985	103.38	23.38
56986	103.68	22.98
56987	103.23	22.78
56989	103.95	22.5
56991	104.33	23.62
56992	104.7	23.45
56994	104.25	23.38
56995	104.42	23.03
56996	104.7	23.13
57001	105.33	34.75
57002	105.65	34.85
57003	106.83	34.9
57004	104.88	34.73
57006	105.75	34.58
57007	105.18	34.18
57008	105.3	34.03
57011	106.15	34.75
57012	106.2	34.98
57014	105.87	34.57
57016	107.13	34.35
57020	107.4	34.37
57021	107.13	34.65
57022	107.78	34.68
57023	108.1	35.03
57024	107.65	34.45
57025	107.38	34.52
57026	107.88	34.37
57027	107.73	34.27
57028	107.32	34.03
57029	108.48	34.5
57030	108.15	34.7
57031	108.55	34.82
57032	108.2	34.13
57033	108.82	34.55
57034	108.22	34.25
57035	108.23	34.55
57037	108.98	34.93
57038	108.45	34.28
57039	108.88	34.08
57040	109.08	34.52
57041	108.92	34.63
57042	109.18	34.78
57043	109.97	34.8
57044	109.23	34.4
57045	109.48	34.52
57046	110.08	34.48
57047	109.32	34.17
57048	108.72	34.4
57049	109.73	34.52
57051	111.2	34.8
57052	110.45	34.88
57053	110.72	34.7
57054	110.23	34.55
57055	110.08	34.55
57056	110.88	34.53
57057	110.15	34.1
57060	111.23	35.17
57061	111.2	34.83
57063	111.77	34.77
57065	112.18	34.5
57066	111.67	34.38
57067	111.03	34.05
57070	112.12	34.73
57071	112.43	34.82
57072	112.75	34.92
57074	112.42	34.42
57075	112.87	34.17
57076	112.78	34.73
57077	111.65	33.78
57078	112.47	34.15
57079	113.03	34.95
57080	112.97	34.73
57081	113.43	34.8
57082	113.02	34.47
57083	113.65	34.72
57084	113.05	34.5
57085	113.33	34.53
57086	113.72	34.38
57087	113.8	34.2
57088	113.5	34.15
57089	113.87	34.03
57090	113.97	34.72
57091	114.3	34.78
57093	114.82	34.85
57094	114.22	34.4
57095	114.15	34.12
57096	114.78	34.53
57098	114.4	34.08
57099	114.85	34.07
57102	105.72	33.75
57105	105.6	33.33
57106	106.15	33.32
57110	106.08	33.78
57111	106.3	33.92
57113	106.53	33.9
57119	106.7	33.17
57123	108.07	34.28
57124	106.93	33.63
57126	107.55	33.22
57127	107.03	33.07
57128	107.33	33.17
57129	107.72	32.98
57131	108.97	34.43
57132	108.62	34.12
57134	107.98	33.52
57137	108.32	33.32
57140	109.12	33.67
57143	109.97	33.87
57144	109.15	33.43
57153	110.33	33.68
57154	110.9	33.53
57155	109.87	33.55
57156	111.5	33.3
57162	112.08	34.15
57169	111.87	33.05
57173	112.88	33.75
57175	112.23	33.05
57176	112.42	33.48
57177	113.53	33.33
57178	112.58	33.03
57179	113.0	33.28
57180	113.2	33.98
57181	113.05	33.88
57182	113.5	33.85
57183	113.92	33.8
57184	113.37	33.63
57185	113.58	33.45
57186	114.05	33.6
57187	112.93	33.07
57188	114.03	33.37
57189	113.95	33.13
57190	114.4	33.75
57191	114.48	34.48
57192	114.85	33.73
57193	114.52	33.78
57194	114.27	33.28
57195	114.62	33.62
57196	114.87	33.47
57197	114.33	33.0
57198	114.62	33.55
57204	105.23	32.58
57206	105.85	32.43
57208	105.47	32.02
57211	106.25	32.83
57213	106.93	33.0
57216	106.83	32.35
57217	106.28	32.23
57231	108.53	32.53
57232	108.27	33.05
57233	108.5	32.9
57237	108.03	32.07
57238	107.9	32.53
57242	109.37	32.85
57245	109.03	32.72
57247	108.9	32.32
57248	109.33	32.4
57249	109.68	32.32
57251	110.42	33.0
57253	110.82	32.85
57254	110.12	32.82
57256	110.78	32.65
57257	110.23	32.23
57259	110.77	32.03
57260	111.52	32.57
57261	111.52	33.12
57265	111.67	32.38
57268	111.63	32.27
57271	112.38	32.55
57273	112.85	32.68
57274	112.12	32.7
57278	112.17	32.03
57279	112.75	32.15
57281	113.3	32.7
57285	113.42	32.38
57290	114.02	33.0
57292	114.63	32.97
57293	114.98	32.73
57294	114.02	32.83
57295	114.35	32.62
57296	114.73	32.35
57297	114.05	32.13
57298	114.55	32.22
57299	114.9	32.02
57303	105.92	31.73
57304	105.17	31.67
57306	105.97	31.58
57307	105.08	31.1
57308	105.38	31.22
57309	105.88	30.98
57313	106.77	31.87
57314	106.07	31.35
57315	106.4	31.53
57317	106.42	31.03
57318	106.55	31.07
57320	107.22	31.93
57324	107.08	31.58
57326	107.72	31.37
57328	107.5	31.2
57329	107.85	31.1
57333	108.67	31.95
57338	108.42	31.18
57339	108.68	30.95
57343	109.53	31.9
57345	109.62	31.4
57348	109.53	31.02
57349	109.87	31.07
57351	111.0	30.83
57352	111.0	30.8
57353	111.0	30.83
57355	110.37	31.03
57358	110.97	30.83
57359	110.73	31.35
57361	111.27	31.88
57362	110.67	31.75
57363	111.83	31.8
57368	111.63	31.05
57370	112.22	31.73
57377	112.22	31.0
57378	112.57	31.17
57381	113.33	31.62
57385	113.82	31.62
57386	114.0	31.25
57387	113.13	31.0
57388	113.7	31.27
57389	113.75	31.03
57390	114.07	31.8
57395	114.12	31.57
57396	114.85	31.63
57398	114.62	31.28
57399	115.02	31.18
57401	105.37	30.87
57402	105.7	30.77
57405	105.55	30.5
57407	105.03	30.28
57408	105.35	30.12
57409	105.8	30.18
57411	106.1	30.78
57413	106.97	30.85
57414	106.45	30.55
57415	106.63	30.47
57416	106.93	30.33
57417	106.28	30.35
57420	107.2	30.75
57425	107.33	30.33
57426	107.8	30.68
57431	108.35	30.83
57432	108.4	30.77
57437	108.03	30.3
57438	108.12	29.98
57439	108.93	30.28
57445	109.72	30.6
57447	109.47	30.28
57451	110.23	30.78
57453	111.32	30.77
57458	110.67	30.2
57460	111.78	30.82
57461	111.3	30.7
57462	111.08	30.87
57464	111.18	30.47
57465	111.45	30.38
57466	111.75	30.43
57469	111.77	30.18
57475	112.9	30.4
57476	112.15	30.35
57477	112.22	30.07
57481	113.57	30.95
57482	113.95	30.9
57483	113.17	30.67
57485	113.45	30.37
57486	113.85	30.65
57489	114.0	30.58
57491	114.4	30.87
57492	114.8	30.83
57493	114.33	30.35
57494	114.05	30.6
57495	114.88	30.67
57496	114.87	30.37
57498	114.9	30.43
57499	114.97	30.1
57502	105.7	29.7
57503	105.12	29.62
57505	105.58	29.42
57506	105.9	29.37
57507	105.3	29.33
57508	105.37	29.15
57509	106.93	28.95
57510	106.05	29.85
57511	106.45	29.85
57512	106.28	29.97
57513	106.62	29.73
57514	106.22	29.58
57516	106.47	29.58
57517	106.25	29.28
57518	106.53	29.38
57519	107.08	29.15
57520	107.07	29.83
57522	107.42	29.75
57523	107.73	29.85
57525	107.75	29.32
57536	108.78	29.53
57537	108.17	29.3
57540	109.15	29.68
57541	109.48	30.0
57543	110.03	29.9
57544	109.45	29.47
57545	109.42	29.53
57554	110.17	29.4
57558	110.47	29.13
57562	111.37	29.58
57564	111.13	29.43
57565	111.75	29.65
57566	111.65	29.45
57571	112.4	29.7
57573	112.9	29.83
57574	112.4	29.37
57575	112.57	29.52
57577	112.17	29.4
57581	113.45	29.82
57582	113.88	29.72
57583	113.92	29.98
57584	113.08	29.38
57585	113.45	29.48
57586	114.03	29.53
57589	113.8	29.25
57590	114.37	29.85
57595	114.5	29.6
57596	114.2	29.63
57598	114.58	29.03
57600	105.07	28.72
57603	105.83	28.82
57604	105.38	28.78
57605	105.82	28.03
57606	106.83	28.13
57608	105.43	28.17
57609	105.7	28.58
57612	106.65	29.02
57614	106.22	28.33
57623	107.6	28.88
57625	107.45	28.55
57633	108.77	28.83
57634	107.88	28.52
57635	108.98	28.45
57636	108.5	28.57
57637	108.12	28.25
57640	109.45	28.58
57642	109.63	28.7
57643	109.83	29.0
57646	109.95	28.62
57647	109.18	28.15
57649	109.73	28.32
57655	110.4	28.47
57657	110.2	28.22
57658	110.2	28.02
57661	111.48	28.92
57662	111.68	29.05
57663	111.95	28.92
57666	112.13	28.52
57669	111.22	28.38
57671	112.37	28.85
57673	112.88	28.68
57674	112.38	28.57
57678	112.55	28.25
57679	113.08	28.2
57680	113.07	28.8
57682	113.57	28.72
57687	112.92	28.22
57688	113.63	28.15
57694	114.38	28.53
57696	114.78	28.4
57698	114.45	28.12
57699	114.92	28.23
57707	105.28	27.3
57708	105.6	27.15
57710	106.4	27.8
57712	106.95	27.73
57713	106.88	27.7
57714	106.23	27.47
57717	106.83	27.53
57718	106.73	27.1
57719	106.97	27.07
57720	107.17	27.88
57722	107.47	27.77
57723	107.72	27.98
57728	107.47	27.07
57729	107.88	27.23
57731	108.25	27.95
57732	108.4	28.02
57734	108.23	27.57
57735	108.82	27.18
57736	108.85	27.7
57737	108.12	27.03
57738	108.42	27.05
57739	108.88	27.23
57740	109.6	27.95
57741	109.18	27.72
57742	109.2	27.52
57743	109.8	27.88
57744	109.17	27.37
57745	109.68	27.45
57749	110.0	27.57
57752	110.6	27.92
57754	110.15	27.35
57758	110.58	27.07
57760	111.43	27.7
57761	111.3	27.75
57762	111.7	27.68
57763	112.0	27.73
57766	111.47	27.23
57767	111.03	27.12
57768	111.45	27.32
57769	111.73	27.23
57771	112.53	27.93
57772	112.5	27.75
57773	112.82	27.87
57774	112.17	27.45
57776	112.7	27.3
57777	112.87	27.23
57778	112.95	27.1
57779	113.35	27.0
57780	113.17	27.87
57781	113.5	27.65
57786	113.85	27.63
57789	113.95	27.13
57792	114.68	27.82
57793	114.38	27.8
57796	114.93	27.8
57797	114.97	27.12
57798	114.6	27.4
57799	114.92	27.05
57800	105.37	26.77
57803	106.02	27.03
57805	105.77	26.68
57806	105.9	26.25
57807	105.47	26.2
57808	105.75	26.32
57809	105.75	26.07
57811	106.6	26.85
57813	106.47	26.57
57814	106.27	26.42
57816	106.73	26.58
57818	106.45	26.03
57821	107.5	26.7
57822	107.9	26.9
57824	107.23	26.58
57825	107.98	26.6
57827	107.53	26.32
57828	107.58	26.5
57829	107.8	26.2
57832	108.67	26.97
57834	108.3	26.68
57835	108.43	26.72
57837	108.07	26.4
57839	109.15	26.23
57840	109.2	26.9
57841	109.67	26.57
57842	109.72	26.88
57844	109.18	26.68
57845	109.78	26.17
57846	110.15	26.58
57851	110.85	26.45
57853	110.63	26.73
57857	110.32	26.37
57859	110.63	26.03
57860	111.28	27.0
57865	111.58	26.47
57866	111.62	26.23
57867	111.28	26.4
57868	111.87	26.6
57870	112.1	26.8
57871	112.37	26.98
57872	112.6	26.9
57874	112.4	26.42
57875	112.5	26.88
57876	112.83	26.43
57881	113.25	26.72
57882	113.55	26.78
57883	114.28	26.75
57886	113.78	26.5
57887	113.12	26.13
57889	113.95	26.08
57891	114.25	26.93
57894	114.17	26.58
57895	114.78	26.47
57896	114.5	26.33
57899	114.92	26.8
57900	105.22	25.83
57902	105.18	25.43
57903	105.6	25.93
57905	105.63	25.4
57906	106.08	25.18
57907	104.9	25.08
57908	105.48	25.12
57909	105.82	24.98
57910	106.08	25.77
57911	106.65	26.67
57912	106.63	26.13
57913	106.98	26.45
57914	106.67	26.42
57915	106.77	26.63
57916	106.77	25.43
57921	107.32	25.83
57922	107.55	25.83
57923	107.87	25.98
57926	107.88	25.42
57927	107.18	24.97
57932	108.53	25.97
57936	108.92	25.75
57941	109.6	25.78
57942	110.0	25.8
57947	109.4	25.22
57948	109.25	25.08
57949	110.0	24.98
57954	110.18	25.23
57955	110.67	25.62
57956	110.32	25.42
57957	110.3	25.32
57958	110.32	25.08
57960	111.07	25.93
57962	111.65	25.97
57964	111.15	25.5
57965	111.6	25.53
57966	111.95	25.6
57969	111.33	25.27
57971	112.2	25.92
57972	113.03	25.8
57973	112.72	25.75
57974	112.37	25.58
57975	112.2	25.38
57976	112.95	25.42
57978	112.55	25.28
57981	113.22	25.98
57985	113.68	25.57
57988	113.35	25.15
57989	113.73	25.1
57990	114.3	25.7
57991	114.55	25.8
57992	114.75	25.67
57993	115.0	25.87
57994	114.35	25.4
57995	114.93	25.4
57996	114.32	25.13
58001	115.1	34.43
58002	115.58	34.85
58003	115.88	34.95
58004	115.15	34.65
58005	115.67	34.45
58006	115.88	34.38
58007	115.3	34.07
58008	115.33	34.47
58011	116.07	34.8
58012	116.58	34.68
58013	116.9	34.75
58015	116.33	34.45
58016	116.97	34.18
58017	116.13	34.25
58020	117.13	34.8
58021	117.28	34.78
58022	117.57	34.75
58024	117.58	34.87
58025	117.73	34.57
58026	117.95	34.3
58027	117.15	34.28
58030	118.07	34.85
58032	118.65	34.93
58034	118.32	34.6
58035	118.35	34.33
58036	118.73	34.52
58038	118.78	34.08
58040	119.13	34.85
58041	119.43	34.78
58044	119.23	34.53
58045	119.6	34.2
58046	119.4	34.12
58047	119.23	34.3
58048	119.35	34.12
58049	119.82	34.03
58100	115.17	33.65
58101	115.48	33.87
58102	115.77	33.87
58104	115.07	33.4
58107	115.25	33.07
58108	115.33	33.23
58109	115.62	33.18
58111	116.45	33.97
58112	116.45	30.73
58113	116.75	33.93
58114	116.18	33.48
58116	116.83	33.98
58117	116.2	33.13
58118	116.55	33.28
58122	116.98	33.63
58125	117.55	33.55
58126	117.87	33.47
58127	117.2	32.98
58128	117.3	33.32
58129	117.87	33.13
58130	117.95	33.93
58131	118.27	33.98
58132	118.68	33.72
58135	118.22	33.48
58138	118.52	32.98
58139	118.88	33.3
58140	119.3	33.77
58141	119.02	33.63
58143	119.85	33.8
58145	119.17	33.53
58146	119.77	33.47
58147	118.97	32.98
58148	119.3	33.23
58150	120.25	33.77
58154	120.2	33.43
58158	120.48	33.2
58202	115.58	32.63
58203	115.73	32.87
58205	115.43	32.47
58207	115.05	32.17
58208	115.62	32.17
58210	116.23	32.65
58212	116.73	32.72
58214	116.28	32.33
58215	116.78	32.55
58220	117.15	32.47
58221	117.4	32.92
58222	117.55	32.85
58223	117.98	32.78
58224	117.02	32.65
58225	117.67	32.53
58230	118.27	32.08
58234	118.42	32.47
58235	118.85	32.37
58236	118.3	32.3
58237	118.62	32.05
58238	118.9	31.93
58240	119.02	32.68
58241	119.45	32.8
58242	119.18	32.28
58243	119.83	32.93
58244	119.58	32.45
58245	119.42	32.42
58246	119.9	32.52
58247	119.82	32.25
58249	120.0	32.17
58250	120.15	32.52
58251	120.28	32.85
58252	119.47	32.18
58254	120.45	32.52
58255	120.57	32.37
58257	120.25	31.98
58259	120.98	32.08
58264	121.18	32.33
58265	121.6	32.07
58268	121.08	32.1
58269	121.65	31.78
58301	115.38	31.82
58306	115.88	31.68
58311	116.5	31.73
58314	116.32	31.4
58316	116.95	31.47
58317	116.37	30.87
58319	116.95	31.07
58320	117.13	31.73
58321	117.3	31.78
58323	117.47	31.88
58326	117.83	31.58
58327	117.28	31.25
58329	117.87	31.33
58330	118.08	31.75
58331	118.37	31.73
58334	118.37	31.38
58335	118.52	31.57
58336	118.52	31.7
58337	118.18	31.08
58338	118.58	31.15
58339	118.9	31.33
58340	119.03	31.65
58341	119.58	31.98
58342	119.55	31.72
58343	119.98	31.88
58344	119.2	31.97
58345	119.48	31.43
58346	119.82	31.33
58349	120.63	31.27
58351	120.3	31.9
58352	120.77	31.65
58353	120.57	31.87
58354	120.35	31.62
58356	121.0	31.4
58358	120.43	31.07
58359	120.62	31.13
58360	121.2	31.92
58361	121.37	31.1
58362	121.45	31.4
58365	121.25	31.37
58366	121.4	31.63
58367	121.43	31.2
58369	121.78	31.05
58370	121.53	31.23
58377	121.1	31.47
58401	115.4	30.78
58402	115.67	30.73
58404	115.22	30.47
58407	115.03	30.23
58408	115.43	30.23
58409	115.93	30.07
58414	116.3	30.45
58415	116.58	30.63
58416	116.82	30.75
58417	116.13	30.17
58418	116.7	30.13
58419	117.02	30.1
58420	117.22	30.72
58421	117.87	30.63
58423	117.78	30.48
58424	117.05	30.53
58426	118.13	30.3
58427	117.48	30.67
58428	117.5	30.22
58429	117.78	30.97
58431	118.32	30.92
58432	118.4	30.68
58433	118.75	30.93
58435	118.53	30.3
58436	118.98	30.62
58437	118.15	30.13
58438	118.58	30.08
58441	119.42	30.87
58442	119.18	31.13
58443	119.9	31.02
58446	119.68	30.63
58448	119.7	30.22
58449	119.95	30.05
58450	120.05	30.87
58451	120.93	30.83
58452	120.77	30.73
58453	120.5	30.07
58454	119.97	30.53
58455	120.65	30.52
58456	120.52	30.63
58457	120.17	30.23
58458	120.9	30.53
58459	120.28	30.18
58460	121.35	30.73
58461	121.12	31.13
58462	121.23	31.03
58463	121.5	30.88
58464	121.08	30.62
58467	121.27	30.2
58468	121.17	30.05
58472	122.45	30.73
58473	122.82	30.73
58474	122.05	30.63
58477	122.1	30.03
58484	122.2	30.25
58500	115.2	29.85
58501	115.63	29.92
58502	116.0	29.73
58503	115.67	29.7
58506	115.98	29.58
58507	115.12	29.25
58508	115.77	29.33
58509	115.82	29.05
58510	116.23	29.73
58512	116.55	29.9
58514	116.05	29.45
58517	116.2	29.27
58519	116.68	29.0
58520	117.72	29.85
58523	117.93	29.93
58527	117.2	29.3
58529	117.85	29.27
58530	118.43	29.87
58531	118.28	29.72
58534	118.18	29.78
58537	118.4	29.13
58542	119.68	29.82
58543	119.02	29.62
58544	119.27	29.48
58546	119.88	29.47
58547	119.18	29.03
58548	119.47	29.22
58549	119.65	29.12
58550	120.25	29.7
58553	120.82	30.05
58555	120.88	29.52
58556	120.82	29.6
58557	120.08	29.33
58558	120.22	29.27
58559	120.98	29.17
58561	121.6	29.98
58562	121.55	29.78
58563	121.83	29.88
58565	121.43	29.68
58566	121.88	29.47
58567	121.43	29.32
58568	121.38	29.12
58569	121.95	29.2
58570	122.3	29.95
58599	124.9	29.07
58600	115.37	28.87
58601	115.38	28.7
58602	115.55	28.85
58605	115.38	28.42
58606	115.92	28.6
58607	115.95	28.55
58608	115.55	28.07
58609	115.82	28.22
58612	116.68	28.7
58614	116.27	28.38
58615	117.08	28.68
58616	116.82	28.2
58618	116.6	28.23
58619	116.37	28.0
58620	117.13	28.97
58622	117.58	28.95
58623	117.92	28.47
58624	117.43	28.4
58625	117.6	28.42
58626	117.22	28.3
58627	117.03	28.25
58629	117.7	28.32
58631	118.5	28.9
58632	118.6	28.72
58633	118.9	29.0
58634	118.25	28.68
58635	118.2	28.43
58637	117.98	28.45
58642	119.8	28.88
58643	120.03	28.9
58644	119.28	28.6
58646	119.92	28.45
58647	119.13	28.07
58652	120.72	28.87
58654	120.08	28.67
58656	120.97	28.12
58657	120.28	28.15
58658	120.68	28.15
58659	120.65	28.03
58660	121.2	28.87
58664	121.37	28.37
58665	121.42	28.62
58666	121.9	28.45
58667	121.27	28.08
58693	115.83	28.7
58696	124.9	28.52
58701	115.4	27.77
58704	115.35	27.62
58705	115.42	27.33
58706	115.83	27.43
58707	115.13	27.22
58710	116.05	27.77
58712	116.78	27.92
58713	117.07	27.72
58714	116.23	27.55
58715	116.65	27.58
58718	116.53	27.22
58719	116.93	27.3
58724	117.3	27.52
58725	117.47	27.33
58730	118.03	27.77
58731	118.53	27.92
58734	118.12	27.33
58735	118.8	27.52
58736	118.82	27.37
58737	118.32	27.05
58742	119.55	28.12
58744	119.42	27.45
58745	119.07	27.62
58746	119.7	27.55
58747	119.35	27.15
58748	119.65	27.1
58749	119.88	27.23
58750	120.08	27.78
58751	120.55	27.68
58752	120.65	27.78
58754	120.2	27.33
58760	121.15	27.83
58804	115.35	26.35
58806	116.02	26.48
58813	116.33	26.85
58814	116.35	26.35
58818	116.63	26.23
58819	116.8	26.17
58820	117.17	26.9
58821	117.47	26.73
58822	116.85	26.83
58823	117.8	26.8
58824	117.15	26.4
58826	117.8	26.4
58828	117.62	26.27
58834	118.17	26.63
58836	118.73	26.58
58837	118.15	26.17
58839	118.85	26.23
58843	120.02	26.88
58844	119.15	26.15
58845	119.53	26.5
58846	119.52	26.67
58847	119.28	26.08
58848	119.55	26.2
58850	120.23	26.92
58900	114.95	25.85
58903	116.03	25.9
58905	115.42	25.97
58906	115.8	25.6
58907	115.4	25.15
58911	116.37	25.85
58912	116.75	25.72
58917	116.1	25.08
58918	116.42	25.05
58921	117.35	25.97
58923	117.83	25.7
58926	117.42	25.3
58927	117.02	25.05
58928	117.53	25.02
58929	118.15	25.07
58931	118.1	25.72
58932	118.93	25.87
58933	118.98	26.92
58934	118.27	25.33
58935	118.23	25.48
58936	118.7	25.37
58938	118.98	25.23
58940	119.33	26.08
58941	119.5	25.97
58942	119.38	25.72
58944	119.78	25.52
58946	119.0	25.45
59001	105.33	24.78
59004	105.1	24.5
59007	105.07	24.07
59011	106.48	24.82
59012	106.55	24.78
59015	106.57	24.35
59017	106.27	24.27
59021	107.03	24.55
59022	107.55	24.98
59023	108.03	24.7
59025	107.38	24.53
59027	107.25	24.13
59031	108.25	24.83
59033	108.9	24.78
59034	108.67	24.48
59037	108.1	23.93
59038	108.65	24.07
59041	109.25	24.65
59044	109.38	24.47
59045	109.75	24.48
59046	109.4	24.35
59047	109.33	24.25
59051	110.5	24.77
59052	110.82	24.83
59053	110.67	24.62
59055	110.4	24.5
59057	110.18	24.13
59058	110.52	24.2
59059	110.8	24.18
59061	111.27	24.82
59063	111.45	25.18
59064	111.32	24.55
59065	111.53	24.42
59071	112.28	24.73
59072	112.37	24.8
59074	112.15	24.57
59075	112.63	24.48
59081	113.27	24.78
59082	113.6	24.67
59087	113.52	23.88
59088	113.42	24.18
59090	114.07	24.95
59091	114.53	24.75
59092	114.82	24.92
59093	115.03	24.78
59094	114.12	24.37
59096	114.48	24.37
59097	114.2	24.05
59099	114.93	24.45
59102	115.65	24.95
59106	115.9	24.58
59107	115.25	24.1
59109	115.73	24.15
59113	116.72	24.73
59114	116.17	24.65
59116	116.7	24.33
59117	116.1	24.27
59122	117.75	24.62
59124	117.37	24.52
59125	117.3	24.38
59126	117.65	24.5
59127	117.83	24.43
59129	117.6	24.13
59130	118.15	24.73
59131	118.37	24.97
59133	118.92	24.9
59134	118.07	24.48
59137	118.57	24.82
59205	105.63	23.65
59209	105.83	23.42
59211	106.6	23.9
59213	106.92	23.73
59215	106.62	23.33
59218	106.42	23.13
59224	107.12	23.6
59227	107.15	23.08
59228	107.58	23.32
59229	107.7	23.18
59230	108.17	23.72
59235	108.62	23.43
59237	108.28	23.17
59238	108.8	23.22
59241	109.68	23.97
59242	109.23	23.75
59246	109.67	23.6
59249	109.62	23.12
59254	110.08	23.4
59255	110.38	23.55
59256	110.92	23.37
59264	111.5	23.4
59265	111.3	23.48
59266	111.23	23.42
59268	111.53	23.25
59269	111.77	23.15
59270	112.18	23.92
59271	112.43	23.63
59276	112.65	23.35
59278	112.45	23.03
59279	112.87	23.18
59280	113.08	23.72
59284	113.22	23.38
59285	113.6	23.57
59287	113.33	23.17
59288	113.13	23.05
59289	113.73	22.97
59290	114.23	23.73
59293	114.73	23.8
59294	113.83	23.33
59297	114.28	23.18
59298	114.42	23.08
59303	115.77	23.93
59304	115.18	23.63
59306	115.85	23.45
59310	116.18	23.77
59312	116.63	23.67
59313	116.98	23.68
59314	116.13	23.3
59315	116.4	23.58
59316	116.68	23.4
59317	116.3	23.03
59318	116.58	23.27
59319	116.77	23.47
59320	117.13	23.77
59321	117.5	23.78
59322	117.37	23.98
59324	117.03	23.43
59417	106.85	22.33
59419	106.75	22.1
59421	107.2	22.83
59425	107.35	22.4
59426	107.9	22.63
59427	107.07	22.12
59429	107.97	22.15
59431	108.22	22.63
59435	108.48	22.77
59441	109.25	22.7
59446	109.3	22.42
59448	109.55	22.27
59449	109.98	22.3
59451	110.35	22.7
59452	110.53	22.85
59453	110.17	22.65
59454	111.0	22.92
59456	110.93	22.35
59457	110.27	22.32
59462	111.6	22.7
59469	111.78	22.17
59470	112.22	22.72
59471	112.05	22.93
59473	112.97	22.77
59475	112.65	22.4
59476	113.03	22.53
59477	112.3	22.18
59478	112.78	22.25
59479	114.02	22.1
59480	113.25	22.85
59481	113.32	22.93
59485	113.4	22.5
59487	113.3	22.23
59488	113.57	22.28
59492	114.73	22.97
59493	114.0	22.53
59495	114.62	22.47
59500	115.32	22.97
59501	115.37	22.8
59502	115.65	22.95
59626	107.97	21.53
59631	108.35	21.78
59632	108.62	21.95
59635	108.35	21.62
59639	108.3	21.35
59640	109.18	21.67
59644	109.13	21.45
59647	109.1	21.03
59650	110.25	21.38
59653	110.85	21.93
59654	110.3	21.63
59655	110.62	21.65
59656	110.77	21.43
59658	110.3	21.15
59659	110.92	21.75
59663	111.97	21.83
59664	110.98	21.53
59673	112.77	21.73
59750	110.07	20.97
59754	110.18	20.33
59757	110.37	20.0
59758	110.25	20.0
59838	108.62	19.1
59842	109.68	19.9
59843	110.0	19.73
59845	109.58	19.52
59847	109.05	19.27
59848	109.43	19.23
59849	109.83	19.03
59851	110.33	19.7
59854	110.1	19.37
59855	110.47	19.23
59856	110.75	19.62
59940	109.17	18.75
59941	109.52	18.77
59945	109.7	18.65
59948	109.58	18.22
59951	110.33	18.8
59954	110.03	18.5
59981	112.33	16.83
59985	111.62	16.53
