51243	45.63	84.86
52602	38.75	93.33
56944	23.15	99.27
56946	23.55	99.4
52833	36.93	98.48
56948	22.64	99.64
52825	36.43	96.43
52824	36.46	95.75
56954	22.57	99.93
52765	37.38	101.61
56959	22.0	100.78
52707	36.8	93.68
52679	37.89	102.87
56963	23.94	101.99
52674	38.22	101.93
56964	22.79	100.96
52656	38.47	100.82
56967	21.95	100.6
52652	39.08	100.28
56898	24.18	102.41
56891	24.88	104.32
56889	24.05	104.17
52884	36.35	103.95
56863	24.92	102.5
56869	24.07	101.97
56870	24.66	102.18
56871	24.68	102.57
52896	36.55	104.14
52889	36.04	103.88
56875	24.33	102.55
56876	24.28	102.77
56886	24.53	103.77
56878	24.13	102.75
52876	36.33	102.83
56879	24.19	102.91
56881	24.75	103.26
56882	24.91	102.83
52866	36.73	101.75
56885	24.4	103.45
56970	23.7	102.48
52575	39.42	102.78
56854	24.45	100.13
52557	39.15	100.17
57023	35.02	108.11
51804	37.77	75.23
57028	34.03	107.32
51765	40.63	87.7
57029	34.5	108.48
51730	40.55	81.27
51720	40.5	79.05
51717	39.25	76.78
51716	39.8	78.57
57037	34.93	108.97
57039	34.08	108.88
51705	39.72	75.25
51633	41.78	81.9
51628	41.12	80.38
51581	42.85	90.23
51572	42.83	89.25
51568	42.27	86.85
51810	38.92	77.63
57016	34.35	107.13
57014	34.57	105.87
56986	22.98	103.68
52546	39.37	99.83
56976	23.22	102.85
56977	22.61	101.86
52495	40.17	104.8
52447	40.0	98.88
56984	23.38	103.15
56985	23.44	103.33
56987	22.78	103.23
57008	34.03	105.3
52267	41.95	101.07
52264	42.56	101.27
56991	23.62	104.33
57002	34.85	105.65
57003	34.9	106.83
57006	34.57	105.75
51886	38.25	90.85
56856	24.47	100.87
56851	25.04	100.52
53679	37.75	112.54
53513	40.73	107.37
53584	39.57	113.17
56751	25.71	100.18
53579	39.05	112.92
53578	39.37	112.43
53576	39.52	112.82
53575	39.1	112.2
53574	39.52	112.27
53567	39.03	112.0
53564	39.37	111.22
56755	25.39	100.4
53553	39.87	111.22
56757	25.26	100.29
53533	39.81	108.71
53529	39.09	107.96
53522	40.05	107.83
53519	39.22	106.77
53518	39.03	106.35
53585	39.17	113.27
53589	39.05	113.53
53594	39.45	114.22
53618	38.28	106.25
53673	38.73	112.72
56697	26.22	104.08
56739	24.98	98.51
53658	38.03	110.5
56742	25.89	99.37
53646	38.27	109.78
53619	38.12	106.3
53617	38.03	106.08
53596	38.91	115.16
53615	38.8	106.7
53614	38.47	106.2
53612	37.98	106.18
53611	38.88	106.55
53610	38.57	106.35
53602	38.83	105.67
53601	38.77	105.9
53517	39.27	106.33
53505	37.88	105.4
56849	24.03	99.23
53502	39.78	105.75
53367	41.32	111.23
53357	41.03	110.1
53343	41.77	109.97
56781	25.52	103.27
53336	41.57	108.52
53324	41.07	107.05
56783	25.5	103.8
56833	24.83	98.77
52988	35.37	103.72
52986	35.37	103.87
56838	24.0	97.85
56839	23.77	98.82
52980	35.97	103.3
52978	35.19	102.49
52974	35.54	102.03
56843	24.83	99.62
56846	24.58	99.93
53368	41.08	111.46
53378	41.28	112.62
53385	41.6	113.54
53472	40.87	112.57
53498	40.57	115.03
56767	25.21	101.26
53491	40.68	114.38
53490	40.43	114.07
53486	40.37	113.77
53484	40.45	113.15
53475	40.52	112.47
53467	40.25	111.25
53392	41.86	114.58
53466	40.75	111.7
56774	25.31	102.25
53455	40.55	110.53
53433	40.73	108.65
53420	40.85	107.12
53419	40.33	107.0
56775	25.55	102.45
51567	42.08	86.57
51542	43.03	84.15
51526	42.23	88.22
57416	30.33	106.93
57328	31.21	107.51
57333	31.95	108.67
57351	30.83	111.0
57353	30.83	111.0
57362	31.75	110.67
57363	31.8	111.83
57367	31.08	110.94
57368	31.05	111.63
57370	31.73	112.22
57377	30.99	112.21
57378	31.2	112.63
57381	31.62	113.34
57390	31.8	114.07
57405	30.5	105.55
57407	30.28	105.03
57408	30.11	105.32
57409	30.21	105.78
57326	31.37	107.72
57324	31.58	107.08
57320	31.93	107.22
57265	32.43	111.73
57232	33.05	108.27
57237	32.07	108.03
57238	32.52	107.89
57242	32.85	109.37
57248	32.42	109.35
57254	32.82	110.12
57264	32.39	111.0
57271	32.52	112.38
57314	31.34	106.07
57273	32.73	112.8
57281	32.68	113.3
57285	32.38	113.42
57290	32.93	113.92
57297	32.13	114.05
57306	31.58	105.98
57307	31.1	105.08
57415	30.53	106.63
57417	30.35	106.28
57052	34.88	110.45
57420	30.75	107.19
57603	28.82	105.83
57604	28.79	105.39
57605	28.03	105.82
57606	28.13	106.83
57612	29.0	106.65
57623	28.88	107.6
57633	28.82	108.77
57637	28.25	108.1
57649	28.24	109.68
57658	28.0	110.2
57663	28.92	111.96
57669	28.38	111.22
57687	28.11	112.79
57688	28.16	113.63
57694	28.53	114.38
57696	28.4	114.78
57735	27.18	108.82
57586	29.53	114.03
57566	29.45	111.66
57543	29.9	110.03
57499	30.07	114.88
57432	30.77	108.4
57438	29.98	108.12
57464	30.47	111.18
57485	30.28	113.47
57491	30.87	114.4
57493	30.35	114.33
57494	30.6	114.05
57503	29.62	105.12
57537	29.3	108.17
57505	29.41	105.59
57506	29.37	105.9
57507	29.33	105.3
57508	29.15	105.37
57509	28.99	106.92
57519	29.16	107.11
57523	29.85	107.73
57231	32.53	108.53
57216	32.35	106.83
50246	52.35	124.72
50434	50.48	121.68
51329	44.05	80.85
57082	34.47	113.02
57085	34.53	113.33
51186	46.67	90.38
51156	46.82	85.75
51137	46.18	83.05
51133	46.73	83.0
51060	47.7	86.87
51059	47.45	85.88
51053	48.05	86.4
50971	45.78	131.02
50964	45.83	128.8
57106	33.32	106.15
57111	33.92	106.3
57119	33.17	106.7
50946	45.18	124.83
57123	34.28	108.07
57079	34.95	113.03
51342	44.88	84.8
57075	34.17	112.87
51433	43.8	82.52
51482	43.83	90.28
57053	34.7	110.72
51470	43.88	88.12
51469	43.45	87.18
51467	42.76	86.33
57057	34.1	110.15
57060	35.15	111.22
57070	34.73	112.12
51356	44.32	86.05
51430	43.83	81.15
57071	34.8	112.47
51381	44.82	90.01
51379	44.02	89.57
51378	44.0	89.17
57072	34.92	112.75
51367	44.17	86.85
57128	33.17	107.33
57132	34.13	108.58
50924	45.55	119.65
50618	48.22	118.27
50659	48.05	126.24
50656	48.26	126.51
57186	33.6	114.05
50647	48.13	123.48
57190	33.75	114.4
57192	33.71	114.88
50637	48.16	121.24
57193	33.78	114.52
57181	33.88	113.05
50548	49.2	123.72
50531	50.0	121.56
