54731	37.48	118.22
56074	34.0	102.08
50742	47.79	124.48
50758	47.15	125.89
50767	47.23	127.1
56357	29.05	100.3
56307	29.15	92.58
50788	47.23	132.0
56297	30.02	104.15
56295	30.38	104.55
56289	30.2	103.87
50834	46.6	121.22
56288	30.58	103.92
56284	30.44	103.44
50853	46.62	126.97
56257	30.0	100.27
50873	46.78	130.3
56199	31.03	104.68
50888	46.39	132.17
56190	31.55	104.55
56187	30.75	103.86
50924	45.55	119.65
56183	31.5	103.62
56182	32.67	103.6
56180	31.68	103.85
56172	31.9	102.23
50946	45.18	124.83
56128	31.22	96.6
56125	32.2	96.47
56096	33.4	104.92
50964	45.83	128.8
50739	47.3	123.24
56382	29.75	103.55
56383	29.83	103.87
56483	28.58	103.95
56598	27.13	104.73
56595	27.41	104.87
56586	27.35	103.72
56584	27.7	103.25
56580	27.72	102.8
56578	27.07	102.75
56497	28.11	104.24
56496	28.3	105.23
56494	28.84	104.33
56490	28.95	103.9
50434	50.48	121.68
56487	28.33	103.13
56485	28.27	103.58
50516	49.48	118.57
56386	29.56	103.76
50525	49.15	119.75
56478	28.3	102.43
56475	28.65	102.52
50531	50.0	121.56
50618	48.22	118.27
56399	29.18	104.98
56396	29.35	104.77
56393	29.77	104.85
50647	48.13	123.48
56391	30.08	103.82
50656	48.26	126.51
50659	48.05	126.24
56387	29.23	103.26
56080	35.0	102.9
50971	45.78	131.02
57604	28.79	105.39
56065	34.73	101.6
54927	35.1	117.2
51469	43.45	87.18
51470	43.88	88.12
54923	35.72	117.93
51482	43.83	90.28
51542	43.03	84.15
51567	42.08	86.57
51568	42.27	86.85
51572	42.83	89.25
54920	35.65	117.29
51581	42.85	90.23
51628	41.12	80.38
54919	35.38	116.98
54916	35.57	116.85
54912	35.77	116.5
51705	39.72	75.25
54908	35.27	115.1
54905	35.59	115.93
51716	39.8	78.57
51717	39.25	76.78
54901	36.08	115.17
54861	36.93	121.53
54857	36.07	120.33
54855	36.4	120.38
54852	36.97	120.72
54851	36.9	120.56
51804	37.77	75.23
54848	35.97	119.48
51810	38.92	77.63
54929	35.27	117.97
54932	35.77	118.65
54936	35.57	118.84
51243	45.63	84.86
50979	45.28	130.24
56046	33.75	99.65
56043	34.48	100.23
51053	48.05	86.4
56029	33.0	96.96
51060	47.7	86.87
51076	47.73	88.08
56004	34.22	92.43
51133	46.73	83.0
55773	27.73	89.08
51156	46.82	85.75
51186	46.67	90.38
55655	28.19	85.97
55598	29.27	91.77
51433	43.8	82.52
51329	44.05	80.85
55593	29.85	91.73
55591	29.67	91.13
55589	29.3	90.98
55585	29.45	90.17
55576	29.34	89.25
51356	44.32	86.05
51367	44.17	86.85
51378	44.0	89.17
51379	44.02	89.57
51381	44.82	90.01
51430	43.83	81.15
54939	35.17	118.82
56646	26.54	99.91
56652	26.68	100.75
56654	26.59	100.2
56684	26.4	103.25
57328	31.21	107.51
57326	31.37	107.72
57324	31.58	107.08
57314	31.34	106.07
57306	31.58	105.98
57297	32.13	114.05
57290	32.93	113.92
57281	32.68	113.3
57271	32.52	112.38
57265	32.43	111.73
57254	32.82	110.12
57248	32.42	109.35
57242	32.85	109.37
57238	32.52	107.89
57237	32.07	108.03
57232	33.05	108.27
57216	32.35	106.83
57204	32.57	105.22
57198	33.5	114.57
57193	33.78	114.52
57192	33.71	114.88
57191	34.52	114.47
57190	33.75	114.4
57186	33.6	114.05
57181	33.88	113.05
57154	33.53	110.9
57153	33.7	110.33
57143	33.85	109.97
57137	33.32	108.32
57351	30.83	111.0
57353	30.83	111.0
57362	31.75	110.67
57469	30.18	111.77
57586	29.53	114.03
57566	29.45	111.66
57543	29.9	110.03
57537	29.3	108.17
57509	28.99	106.92
57508	29.15	105.37
57505	29.41	105.59
57503	29.62	105.12
47035	40.1	124.38
57499	30.07	114.88
57491	30.87	114.4
57489	30.52	114.01
57485	30.28	113.47
57464	30.47	111.18
57363	31.8	111.83
57438	29.98	108.12
57432	30.77	108.4
57420	30.75	107.19
57417	30.35	106.28
57416	30.33	106.93
57415	30.53	106.63
57409	30.21	105.78
57405	30.5	105.55
57390	31.8	114.07
57381	31.62	113.34
57377	30.99	112.21
57368	31.05	111.63
57367	31.08	110.94
57128	33.17	107.33
57123	34.28	108.07
57119	33.17	106.7
56851	25.04	100.52
56944	23.15	99.27
56891	24.88	104.32
56889	24.05	104.17
56886	24.53	103.77
56882	24.91	102.83
56881	24.75	103.26
56878	24.13	102.75
56875	24.33	102.55
56871	24.68	102.57
56869	24.07	101.97
56863	24.92	102.5
56856	24.47	100.87
56854	24.45	100.13
56849	24.03	99.23
56948	22.64	99.64
56839	23.77	98.82
56838	24.0	97.85
56833	24.83	98.77
56783	25.5	103.8
56781	25.52	103.27
56774	25.31	102.25
56767	25.21	101.26
56757	25.26	100.29
56755	25.39	100.4
56751	25.71	100.18
56742	25.89	99.37
56739	24.98	98.51
56693	26.58	104.87
56946	23.55	99.4
56954	22.57	99.93
57111	33.92	106.3
57029	34.5	108.48
57106	33.32	106.15
57094	34.4	114.22
57085	34.53	113.33
57082	34.47	113.02
57079	34.95	113.03
57072	34.92	112.75
57071	34.8	112.47
57070	34.73	112.12
57060	35.15	111.22
57057	34.1	110.15
57053	34.7	110.72
57052	34.88	110.45
57037	34.93	108.97
57028	34.03	107.32
56959	22.0	100.78
57016	34.35	107.13
57014	34.57	105.87
57008	34.03	105.3
57006	34.57	105.75
57003	34.9	106.83
57001	34.75	105.33
56987	22.78	103.23
56985	23.44	103.33
56984	23.38	103.15
56976	23.22	102.85
56970	23.7	102.48
56964	22.79	100.96
56963	23.94	101.99
54844	36.42	119.18
54842	36.79	119.99
54836	36.18	118.17
53612	37.98	106.18
54424	40.17	117.12
54423	40.97	117.92
53750	37.76	110.18
54420	40.93	117.33
54419	40.37	116.63
53756	37.47	110.75
53757	37.12	110.12
53763	37.9	112.17
54412	40.73	116.63
54406	40.45	115.97
54404	40.88	115.83
54401	40.77	114.92
54399	39.98	116.28
53774	37.58	112.37
53775	37.42	112.59
53777	37.52	112.15
54398	40.13	116.62
53780	37.91	113.15
53782	37.93	113.62
54386	41.42	128.18
54374	41.8	126.88
53785	37.52	114.67
53788	37.33	113.57
53789	37.88	114.63
53792	37.45	114.48
54346	41.31	123.78
53796	37.62	114.89
53798	37.18	114.36
53799	37.24	115.0
54429	40.2	117.95
53727	37.17	107.12
53723	37.8	107.38
53679	37.75	112.54
54494	40.47	124.05
53617	38.03	106.08
53618	38.28	106.25
53619	38.12	106.3
53646	38.27	109.78
53658	38.03	110.5
